3810.842	0.000
3812.842	0.000
3814.842	0.000
3816.842	0.000
3818.842	0.000
3820.842	0.000
3822.842	0.000
3824.842	0.000
3826.842	0.000
3828.842	0.000
3830.842	0.000
3832.842	0.000
3834.842	0.000
3836.842	0.000
3838.842	0.000
3840.842	0.000
3842.842	0.000
3844.842	0.000
3846.842	0.000
3848.842	0.000
3850.842	0.000
3852.842	0.000
3854.842	0.000
3856.842	0.000
3858.842	0.000
3860.842	0.000
3862.842	0.000
3864.842	0.000
3866.842	0.000
3868.842	0.000
3870.842	0.000
3872.842	0.000
3874.842	0.000
3876.842	0.000
3878.842	0.000
3880.842	0.000
3882.842	0.000
3884.842	0.000
3886.842	0.000
3888.842	0.000
3890.842	0.000
3892.842	0.000
3894.842	0.000
3896.842	0.000
3898.842	0.000
3900.842	0.000
3902.842	0.000
3904.842	0.000
3906.842	0.000
3908.842	0.000
3910.842	0.000
3912.842	0.000
3914.842	0.000
3916.842	0.000
3918.842	0.000
3920.842	0.000
3922.842	0.000
3924.842	0.000
3926.842	0.000
3928.842	0.000
3930.842	0.000
3932.842	0.000
3934.842	0.000
3936.842	0.000
3938.842	0.000
3940.842	0.000
3942.842	0.000
3944.842	0.000
3946.842	0.000
3948.842	0.000
3950.842	0.000
3952.842	0.000
3954.842	0.000
3956.842	0.000
3958.842	0.000
3960.842	0.000
3962.842	0.000
3964.842	0.000
3966.842	0.000
3968.842	0.000
3970.842	0.000
3972.842	0.000
3974.842	0.000
3976.842	0.000
3978.842	0.000
3980.842	0.000
3982.842	0.000
3984.842	0.000
3986.842	0.000
3988.842	0.000
3990.842	0.000
3992.842	0.000
3994.842	0.000
3996.842	0.000
3998.842	0.000
4000.842	0.000
4002.842	0.000
4004.842	0.000
4006.842	0.000
4008.842	0.000
4010.842	0.000
4012.842	0.000
4014.842	0.000
4016.842	0.000
4018.842	0.000
4020.842	0.000
4022.842	0.000
4024.842	0.000
4026.842	0.000
4028.842	0.000
4030.842	0.000
4032.842	0.000
4034.842	0.000
4036.842	0.000
4038.842	0.000
4040.842	0.000
4042.842	0.000
4044.842	0.000
4046.842	0.000
4048.842	0.000
4050.842	0.000
4052.842	0.000
4054.842	0.000
4056.842	0.000
4058.842	0.000
4060.842	0.000
4062.842	0.000
4064.842	0.000
4066.842	0.000
4068.842	0.000
4070.842	0.001
4072.842	0.001
4074.842	0.001
4076.842	0.001
4078.842	0.001
4080.842	0.000
4082.842	0.000
4084.842	0.000
4086.842	0.000
4088.842	0.000
4090.842	0.000
4092.842	0.000
4094.842	0.000
4096.842	0.000
4098.842	0.000
4100.842	0.000
4102.842	0.000
4104.842	0.000
4106.842	0.000
4108.842	0.000
4110.842	0.000
4112.842	0.000
4114.842	0.000
4116.842	0.000
4118.842	0.000
4120.842	0.000
4122.842	0.000
4124.842	0.000
4126.842	0.000
4128.842	0.000
4130.842	0.000
4132.842	0.000
4134.842	0.000
4136.842	0.000
4138.842	0.000
4140.842	0.000
4142.842	0.000
4144.842	0.000
4146.842	0.000
4148.842	0.000
4150.842	0.000
4152.842	0.000
4154.842	0.000
4156.842	0.000
4158.842	0.000
4160.842	0.000
4162.842	0.000
4164.842	0.000
4166.842	0.000
4168.842	0.000
4170.842	0.000
4172.842	0.000
4174.842	0.000
4176.842	0.000
4178.842	0.000
4180.842	0.000
4182.842	0.000
4184.842	0.000
4186.842	0.000
4188.842	0.000
4190.842	0.000
4192.842	0.000
4194.842	0.000
4196.842	0.000
4198.842	0.001
4200.842	0.001
4202.842	0.002
4204.842	0.002
4206.842	0.002
4208.842	0.002
4210.842	0.001
4212.842	0.001
4214.842	0.000
4216.842	0.000
4218.842	0.000
4220.842	0.000
4222.842	0.000
4224.842	0.000
4226.842	0.000
4228.842	0.000
4230.842	0.000
4232.842	0.000
4234.842	0.000
4236.842	0.000
4238.842	0.000
4240.842	0.000
4242.842	0.000
4244.842	0.000
4246.842	0.000
4248.842	0.000
4250.842	0.000
4252.842	0.000
4254.842	0.000
4256.842	0.000
4258.842	0.000
4260.842	0.000
4262.842	0.000
4264.842	0.000
4266.842	0.000
4268.842	0.000
4270.842	0.000
4272.842	0.000
4274.842	0.000
4276.842	0.000
4278.842	0.000
4280.842	0.000
4282.842	0.000
4284.842	0.000
4286.842	0.000
4288.842	0.000
4290.842	0.000
4292.842	0.000
4294.842	0.000
4296.842	0.000
4298.842	0.000
4300.842	0.000
4302.842	0.000
4304.842	0.000
4306.842	0.000
4308.842	0.000
4310.842	0.000
4312.842	0.000
4314.842	0.000
4316.842	0.000
4318.842	0.000
4320.842	0.000
4322.842	0.000
4324.842	0.000
4326.842	0.000
4328.842	0.000
4330.842	0.000
4332.842	0.000
4334.842	0.000
4336.842	0.000
4338.842	0.000
4340.842	0.000
4342.842	0.000
4344.842	0.000
4346.842	0.000
4348.842	0.000
4350.842	0.000
4352.842	0.000
4354.842	0.000
4356.842	0.000
4358.842	0.000
4360.842	0.000
4362.842	0.000
4364.842	0.000
4366.842	0.000
4368.842	0.000
4370.842	0.000
4372.842	0.000
4374.842	0.000
4376.842	0.000
4378.842	0.000
4380.842	0.000
4382.842	0.000
4384.842	0.000
4386.842	0.000
4388.842	0.000
4390.842	0.000
4392.842	0.000
4394.842	0.000
4396.842	0.000
4398.842	0.000
4400.842	0.000
4402.842	0.000
4404.842	0.000
4406.842	0.000
4408.842	0.000
4410.842	0.000
4412.842	0.000
4414.842	0.000
4416.842	0.000
4418.842	0.000
4420.842	0.000
4422.842	0.000
4424.842	0.000
4426.842	0.000
4428.842	0.000
4430.842	0.000
4432.842	0.000
4434.842	0.000
4436.842	0.002
4438.842	0.004
4440.842	0.007
4442.842	0.009
4444.842	0.011
4446.842	0.011
4448.842	0.009
4450.842	0.007
4452.842	0.004
4454.842	0.002
4456.842	0.001
4458.842	0.000
4460.842	0.000
4462.842	0.000
4464.842	0.000
4466.842	0.000
4468.842	0.000
4470.842	0.000
4472.842	0.000
4474.842	0.000
4476.842	0.000
4478.842	0.000
4480.842	0.000
4482.842	0.000
4484.842	0.000
4486.842	0.000
4488.842	0.000
4490.842	0.000
4492.842	0.000
4494.842	0.000
4496.842	0.000
4498.842	0.000
4500.842	0.000
4502.842	0.000
4504.842	0.000
4506.842	0.000
4508.842	0.000
4510.842	0.000
4512.842	0.000
4514.842	0.000
4516.842	0.000
4518.842	0.000
4520.842	0.000
4522.842	0.000
4524.842	0.000
4526.842	0.000
4528.842	0.000
4530.842	0.000
4532.842	0.000
4534.842	0.000
4536.842	0.000
4538.842	0.000
4540.842	0.000
4542.842	0.000
4544.842	0.000
4546.842	0.000
4548.842	0.000
4550.842	0.000
4552.842	0.000
4554.842	0.000
4556.842	0.000
4558.842	0.000
4560.842	0.000
4562.842	0.000
4564.842	0.000
4566.842	0.000
4568.842	0.000
4570.842	0.000
4572.842	0.000
4574.842	0.000
4576.842	0.000
4578.842	0.000
4580.842	0.000
4582.842	0.000
4584.842	0.000
4586.842	0.000
4588.842	0.000
4590.842	0.000
4592.842	0.000
4594.842	0.000
4596.842	0.000
4598.842	0.000
4600.842	0.000
4602.842	0.000
4604.842	0.000
4606.842	0.000
4608.842	0.000
4610.842	0.000
4612.842	0.000
4614.842	0.000
4616.842	0.000
4618.842	0.000
4620.842	0.000
4622.842	0.000
4624.842	0.000
4626.842	0.000
4628.842	0.000
4630.842	0.000
4632.842	0.000
4634.842	0.000
4636.842	0.000
4638.842	0.000
4640.842	0.000
4642.842	0.000
4644.842	0.000
4646.842	0.000
4648.842	0.000
4650.842	0.000
4652.842	0.000
4654.842	0.000
4656.842	0.000
4658.842	0.000
4660.842	0.000
4662.842	0.000
4664.842	0.000
4666.842	0.000
4668.842	0.000
4670.842	0.000
4672.842	0.000
4674.842	0.000
4676.842	0.000
4678.842	0.000
4680.842	0.000
4682.842	0.000
4684.842	0.000
4686.842	0.000
4688.842	0.000
4690.842	0.000
4692.842	0.000
4694.842	0.000
4696.842	0.000
4698.842	0.000
4700.842	0.000
4702.842	0.000
4704.842	0.000
4706.842	0.000
4708.842	0.000
4710.842	0.000
4712.842	0.000
4714.842	0.000
4716.842	0.000
4718.842	0.000
4720.842	0.000
4722.842	0.000
4724.842	0.000
4726.842	0.000
4728.842	0.000
4730.842	0.000
4732.842	0.000
4734.842	0.000
4736.842	0.000
4738.842	0.000
4740.842	0.000
4742.842	0.000
4744.842	0.000
4746.842	0.000
4748.842	0.000
4750.842	0.000
4752.842	0.000
4754.842	0.000
4756.842	0.000
4758.842	0.000
4760.842	0.000
4762.842	0.000
4764.842	0.000
4766.842	0.000
4768.842	0.000
4770.842	0.000
4772.842	0.000
4774.842	0.000
4776.842	0.000
4778.842	0.000
4780.842	0.000
4782.842	0.000
4784.842	0.000
4786.842	0.000
4788.842	0.000
4790.842	0.000
4792.842	0.000
4794.842	0.000
4796.842	0.000
4798.842	0.000
4800.842	0.000
4802.842	0.000
4804.842	0.000
4806.842	0.000
4808.842	0.000
4810.842	0.000
4812.842	0.000
4814.842	0.000
4816.842	0.000
4818.842	0.000
4820.842	0.000
4822.842	0.000
4824.842	0.000
4826.842	0.000
4828.842	0.000
4830.842	0.000
4832.842	0.000
4834.842	0.000
4836.842	0.000
4838.842	0.000
4840.842	0.000
4842.842	0.000
4844.842	0.000
4846.842	0.000
4848.842	0.000
4850.842	0.000
4852.842	0.000
4854.842	0.000
4856.842	0.000
4858.842	0.000
4860.842	0.000
4862.842	0.000
4864.842	0.000
4866.842	0.000
4868.842	0.000
4870.842	0.000
4872.842	0.000
4874.842	0.000
4876.842	0.000
4878.842	0.000
4880.842	0.000
4882.842	0.000
4884.842	0.000
4886.842	0.000
4888.842	0.000
4890.842	0.000
4892.842	0.000
4894.842	0.000
4896.842	0.000
4898.842	0.000
4900.842	0.000
4902.842	0.000
4904.842	0.000
4906.842	0.000
4908.842	0.000
4910.842	0.000
4912.842	0.000
4914.842	0.000
4916.842	0.000
4918.842	0.000
4920.842	0.000
4922.842	0.000
4924.842	0.000
4926.842	0.000
4928.842	0.000
4930.842	0.000
4932.842	0.000
4934.842	0.000
4936.842	0.000
4938.842	0.000
4940.842	0.000
4942.842	0.000
4944.842	0.000
4946.842	0.000
4948.842	0.000
4950.842	0.000
4952.842	0.000
4954.842	0.005
4956.842	0.014
4958.842	0.026
4960.842	0.035
4962.842	0.055
4964.842	0.063
4966.842	0.052
4968.842	0.040
4970.842	0.030
4972.842	0.019
4974.842	0.005
4976.842	0.001
4978.842	0.000
4980.842	0.000
4982.842	0.000
4984.842	0.000
4986.842	0.000
4988.842	0.000
4990.842	0.000
4992.842	0.000
4994.842	0.000
4996.842	0.000
4998.842	0.000
5000.842	0.000
5002.842	0.000
5004.842	0.000
5006.842	0.000
5008.842	0.000
5010.842	0.000
5012.842	0.000
5014.842	0.000
5016.842	0.000
5018.842	0.000
5020.842	0.000
5022.842	0.000
5024.842	0.000
5026.842	0.000
5028.842	0.000
5030.842	0.000
5032.842	0.000
5034.842	0.000
5036.842	0.000
5038.842	0.000
5040.842	0.000
5042.842	0.000
5044.842	0.000
5046.842	0.000
5048.842	0.000
5050.842	0.000
5052.842	0.000
5054.842	0.000
5056.842	0.000
5058.842	0.000
5060.842	0.000
5062.842	0.000
5064.842	0.000
5066.842	0.000
5068.842	0.000
5070.842	0.000
5072.842	0.000
5074.842	0.000
5076.842	0.000
5078.842	0.000
5080.842	0.000
5082.842	0.000
5084.842	0.000
5086.842	0.000
5088.842	0.000
5090.842	0.000
5092.842	0.000
5094.842	0.000
5096.842	0.000
5098.842	0.000
5100.842	0.000
5102.842	0.000
5104.842	0.000
5106.842	0.000
5108.842	0.000
5110.842	0.000
5112.842	0.000
5114.842	0.000
5116.842	0.000
5118.842	0.000
5120.842	0.000
5122.842	0.000
5124.842	0.000
5126.842	0.000
5128.842	0.000
5130.842	0.000
5132.842	0.000
5134.842	0.000
5136.842	0.000
5138.842	0.000
5140.842	0.000
5142.842	0.000
5144.842	0.000
5146.842	0.000
5148.842	0.000
5150.842	0.000
5152.842	0.000
5154.842	0.000
5156.842	0.000
5158.842	0.000
5160.842	0.000
5162.842	0.000
5164.842	0.000
5166.842	0.000
5168.842	0.000
5170.842	0.000
5172.842	0.000
5174.842	0.000
5176.842	0.000
5178.842	0.000
5180.842	0.000
5182.842	0.000
5184.842	0.000
5186.842	0.000
5188.842	0.000
5190.842	0.000
5192.842	0.000
5194.842	0.000
5196.842	0.000
5198.842	0.000
5200.842	0.000
5202.842	0.000
5204.842	0.000
5206.842	0.000
5208.842	0.000
5210.842	0.000
5212.842	0.000
5214.842	0.000
5216.842	0.000
5218.842	0.000
5220.842	0.000
5222.842	0.000
5224.842	0.000
5226.842	0.000
5228.842	0.000
5230.842	0.000
5232.842	0.000
5234.842	0.000
5236.842	0.000
5238.842	0.000
5240.842	0.000
5242.842	0.000
5244.842	0.000
5246.842	0.000
5248.842	0.000
5250.842	0.000
5252.842	0.000
5254.842	0.000
5256.842	0.000
5258.842	0.000
5260.842	0.000
5262.842	0.000
5264.842	0.000
5266.842	0.000
5268.842	0.000
5270.842	0.000
5272.842	0.000
5274.842	0.000
5276.842	0.000
5278.842	0.000
5280.842	0.000
5282.842	0.000
5284.842	0.000
5286.842	0.000
5288.842	0.000
5290.842	0.000
5292.842	0.000
5294.842	0.000
5296.842	0.000
5298.842	0.000
5300.842	0.000
5302.842	0.000
5304.842	0.000
5306.842	0.000
5308.842	0.000
5310.842	0.000
5312.842	0.000
5314.842	0.000
5316.842	0.000
5318.842	0.000
5320.842	0.000
5322.842	0.000
5324.842	0.000
5326.842	0.000
5328.842	0.000
5330.842	0.000
5332.842	0.000
5334.842	0.000
5336.842	0.000
5338.842	0.000
5340.842	0.000
5342.842	0.000
5344.842	0.000
5346.842	0.000
5348.842	0.000
5350.842	0.000
5352.842	0.000
5354.842	0.000
5356.842	0.000
5358.842	0.000
5360.842	0.000
5362.842	0.000
5364.842	0.000
5366.842	0.000
5368.842	0.000
5370.842	0.000
5372.842	0.000
5374.842	0.000
5376.842	0.000
5378.842	0.000
5380.842	0.000
5382.842	0.000
5384.842	0.000
5386.842	0.000
5388.842	0.000
5390.842	0.000
5392.842	0.000
5394.842	0.000
5396.842	0.000
5398.842	0.000
5400.842	0.000
5402.842	0.000
5404.842	0.000
5406.842	0.000
5408.842	0.000
5410.842	0.000
5412.842	0.000
5414.842	0.000
5416.842	0.000
5418.842	0.000
5420.842	0.000
5422.842	0.000
5424.842	0.000
5426.842	0.000
5428.842	0.000
5430.842	0.000
5432.842	0.000
5434.842	0.000
5436.842	0.000
5438.842	0.000
5440.842	0.000
5442.842	0.000
5444.842	0.000
5446.842	0.000
5448.842	0.000
5450.842	0.000
5452.842	0.000
5454.842	0.000
5456.842	0.000
5458.842	0.000
5460.842	0.000
5462.842	0.000
5464.842	0.000
5466.842	0.000
5468.842	0.000
5470.842	0.000
5472.842	0.000
5474.842	0.000
5476.842	0.000
5478.842	0.000
5480.842	0.000
5482.842	0.000
5484.842	0.000
5486.842	0.000
5488.842	0.000
5490.842	0.000
5492.842	0.000
5494.842	0.000
5496.842	0.000
5498.842	0.000
5500.842	0.000
5502.842	0.000
5504.842	0.000
5506.842	0.000
5508.842	0.000
5510.842	0.000
5512.842	0.000
5514.842	0.000
5516.842	0.000
5518.842	0.000
5520.842	0.000
5522.842	0.000
5524.842	0.000
5526.842	0.000
5528.842	0.000
5530.842	0.000
5532.842	0.000
5534.842	0.000
5536.842	0.000
5538.842	0.000
5540.842	0.000
5542.842	0.000
5544.842	0.000
5546.842	0.000
5548.842	0.000
5550.842	0.000
5552.842	0.000
5554.842	0.000
5556.842	0.000
5558.842	0.000
5560.842	0.000
5562.842	0.000
5564.842	0.000
5566.842	0.000
5568.842	0.000
5570.842	0.000
5572.842	0.000
5574.842	0.000
5576.842	0.000
5578.842	0.000
5580.842	0.000
5582.842	0.000
5584.842	0.000
5586.842	0.000
5588.842	0.000
5590.842	0.000
5592.842	0.000
5594.842	0.000
5596.842	0.000
5598.842	0.000
5600.842	0.000
5602.842	0.000
5604.842	0.000
5606.842	0.000
5608.842	0.000
5610.842	0.000
5612.842	0.000
5614.842	0.000
5616.842	0.000
5618.842	0.000
5620.842	0.000
5622.842	0.000
5624.842	0.000
5626.842	0.000
5628.842	0.000
5630.842	0.000
5632.842	0.000
5634.842	0.000
5636.842	0.000
5638.842	0.000
5640.842	0.000
5642.842	0.000
5644.842	0.000
5646.842	0.000
5648.842	0.000
5650.842	0.000
5652.842	0.000
5654.842	0.000
5656.842	0.000
5658.842	0.000
5660.842	0.000
5662.842	0.000
5664.842	0.000
5666.842	0.000
5668.842	0.000
5670.842	0.000
5672.842	0.000
5674.842	0.000
5676.842	0.000
5678.842	0.000
5680.842	0.000
5682.842	0.000
5684.842	0.000
5686.842	0.000
5688.842	0.000
5690.842	0.000
5692.842	0.000
5694.842	0.000
5696.842	0.000
5698.842	0.000
5700.842	0.000
5702.842	0.000
5704.842	0.000
5706.842	0.000
5708.842	0.000
5710.842	0.000
5712.842	0.000
5714.842	0.000
5716.842	0.000
5718.842	0.000
5720.842	0.000
5722.842	0.000
5724.842	0.000
5726.842	0.000
5728.842	0.000
5730.842	0.000
5732.842	0.000
5734.842	0.000
5736.842	0.000
5738.842	0.000
5740.842	0.000
5742.842	0.000
5744.842	0.000
5746.842	0.000
5748.842	0.000
5750.842	0.000
5752.842	0.000
5754.842	0.000
5756.842	0.000
5758.842	0.000
5760.842	0.000
5762.842	0.000
5764.842	0.000
5766.842	0.000
5768.842	0.000
5770.842	0.000
5772.842	0.000
5774.842	0.000
5776.842	0.000
5778.842	0.000
5780.842	0.000
5782.842	0.000
5784.842	0.000
5786.842	0.000
5788.842	0.000
5790.842	0.000
5792.842	0.000
5794.842	0.000
5796.842	0.000
5798.842	0.000
5800.842	0.000
5802.842	0.000
5804.842	0.000
5806.842	0.000
5808.842	0.000
5810.842	0.000
5812.842	0.000
5814.842	0.000
5816.842	0.000
5818.842	0.000
5820.842	0.000
5822.842	0.000
5824.842	0.000
5826.842	0.000
5828.842	0.000
5830.842	0.000
5832.842	0.000
5834.842	0.000
5836.842	0.000
5838.842	0.000
5840.842	0.000
5842.842	0.000
5844.842	0.000
5846.842	0.000
5848.842	0.000
5850.842	0.000
5852.842	0.000
5854.842	0.000
5856.842	0.000
5858.842	0.000
5860.842	0.000
5862.842	0.000
5864.842	0.000
5866.842	0.000
5868.842	0.000
5870.842	0.000
5872.842	0.000
5874.842	0.000
5876.842	0.000
5878.842	0.000
5880.842	0.000
5882.842	0.000
5884.842	0.000
5886.842	0.000
5888.842	0.000
5890.842	0.000
5892.842	0.000
5894.842	0.000
5896.842	0.000
5898.842	0.000
5900.842	0.000
5902.842	0.000
5904.842	0.000
5906.842	0.000
5908.842	0.000
5910.842	0.000
5912.842	0.000
5914.842	0.000
5916.842	0.000
5918.842	0.000
5920.842	0.000
5922.842	0.000
5924.842	0.000
5926.842	0.000
5928.842	0.000
5930.842	0.000
5932.842	0.000
5934.842	0.000
5936.842	0.000
5938.842	0.000
5940.842	0.000
5942.842	0.000
5944.842	0.000
5946.842	0.000
5948.842	0.000
5950.842	0.000
5952.842	0.000
5954.842	0.000
5956.842	0.000
5958.842	0.000
5960.842	0.000
5962.842	0.000
5964.842	0.000
5966.842	0.000
5968.842	0.000
5970.842	0.000
5972.842	0.000
5974.842	0.000
5976.842	0.000
5978.842	0.000
5980.842	0.000
5982.842	0.000
5984.842	0.000
5986.842	0.000
5988.842	0.000
5990.842	0.000
5992.842	0.000
5994.842	0.000
5996.842	0.000
5998.842	0.000
6000.842	0.000
6002.842	0.000
6004.842	0.000
6006.842	0.000
6008.842	0.000
6010.842	0.000
6012.842	0.000
6014.842	0.000
6016.842	0.000
6018.842	0.000
6020.842	0.000
6022.842	0.000
6024.842	0.000
6026.842	0.000
6028.842	0.000
6030.842	0.000
6032.842	0.000
6034.842	0.000
6036.842	0.000
6038.842	0.000
6040.842	0.000
6042.842	0.000
6044.842	0.000
6046.842	0.000
6048.842	0.000
6050.842	0.000
6052.842	0.000
6054.842	0.000
6056.842	0.000
6058.842	0.000
6060.842	0.000
6062.842	0.000
6064.842	0.000
6066.842	0.000
6068.842	0.000
6070.842	0.000
6072.842	0.000
6074.842	0.000
6076.842	0.000
6078.842	0.000
6080.842	0.000
6082.842	0.000
6084.842	0.000
6086.842	0.000
6088.842	0.000
6090.842	0.000
6092.842	0.000
6094.842	0.000
6096.842	0.000
6098.842	0.000
6100.842	0.000
6102.842	0.000
6104.842	0.000
6106.842	0.000
6108.842	0.000
6110.842	0.000
6112.842	0.000
6114.842	0.000
6116.842	0.000
6118.842	0.000
6120.842	0.000
6122.842	0.000
6124.842	0.000
6126.842	0.000
6128.842	0.000
6130.842	0.000
6132.842	0.000
6134.842	0.000
6136.842	0.000
6138.842	0.000
6140.842	0.000
6142.842	0.000
6144.842	0.000
6146.842	0.000
6148.842	0.000
6150.842	0.000
6152.842	0.000
6154.842	0.000
6156.842	0.000
6158.842	0.000
6160.842	0.000
6162.842	0.000
6164.842	0.000
6166.842	0.000
6168.842	0.000
6170.842	0.000
6172.842	0.000
6174.842	0.000
6176.842	0.000
6178.842	0.000
6180.842	0.000
6182.842	0.000
6184.842	0.000
6186.842	0.000
6188.842	0.000
6190.842	0.000
6192.842	0.000
6194.842	0.000
6196.842	0.000
6198.842	0.000
6200.842	0.000
6202.842	0.000
6204.842	0.000
6206.842	0.000
6208.842	0.000
6210.842	0.000
6212.842	0.000
6214.842	0.000
6216.842	0.000
6218.842	0.000
6220.842	0.000
6222.842	0.000
6224.842	0.000
6226.842	0.000
6228.842	0.000
6230.842	0.000
6232.842	0.000
6234.842	0.000
6236.842	0.000
6238.842	0.000
6240.842	0.000
6242.842	0.000
6244.842	0.000
6246.842	0.000
6248.842	0.000
6250.842	0.000
6252.842	0.000
6254.842	0.000
6256.842	0.000
6258.842	0.000
6260.842	0.000
6262.842	0.000
6264.842	0.000
6266.842	0.000
6268.842	0.000
6270.842	0.000
6272.842	0.000
6274.842	0.000
6276.842	0.000
6278.842	0.000
6280.842	0.000
6282.842	0.000
6284.842	0.000
6286.842	0.000
6288.842	0.000
6290.842	0.000
6292.842	0.000
6294.842	0.000
6296.842	0.000
6298.842	0.000
6300.842	0.000
6302.842	0.000
6304.842	0.000
6306.842	0.000
6308.842	0.000
6310.842	0.000
6312.842	0.000
6314.842	0.000
6316.842	0.000
6318.842	0.000
6320.842	0.000
6322.842	0.000
6324.842	0.000
6326.842	0.000
6328.842	0.000
6330.842	0.000
6332.842	0.000
6334.842	0.000
6336.842	0.000
6338.842	0.000
6340.842	0.000
6342.842	0.000
6344.842	0.000
6346.842	0.000
6348.842	0.000
6350.842	0.000
6352.842	0.000
6354.842	0.000
6356.842	0.000
6358.842	0.000
6360.842	0.000
6362.842	0.000
6364.842	0.000
6366.842	0.000
6368.842	0.000
6370.842	0.000
6372.842	0.000
6374.842	0.000
6376.842	0.000
6378.842	0.000
6380.842	0.000
6382.842	0.000
6384.842	0.000
6386.842	0.000
6388.842	0.000
6390.842	0.000
6392.842	0.000
6394.842	0.000
6396.842	0.000
6398.842	0.000
6400.842	0.000
6402.842	0.000
6404.842	0.000
6406.842	0.000
6408.842	0.000
6410.842	0.000
6412.842	0.000
6414.842	0.000
6416.842	0.000
6418.842	0.000
6420.842	0.000
6422.842	0.000
6424.842	0.000
6426.842	0.000
6428.842	0.000
6430.842	0.000
6432.842	0.000
6434.842	0.000
6436.842	0.000
6438.842	0.000
6440.842	0.000
6442.842	0.000
6444.842	0.000
6446.842	0.000
6448.842	0.000
6450.842	0.000
6452.842	0.000
6454.842	0.000
6456.842	0.000
6458.842	0.000
6460.842	0.000
6462.842	0.000
6464.842	0.000
6466.842	0.000
6468.842	0.000
6470.842	0.000
6472.842	0.000
6474.842	0.000
6476.842	0.000
6478.842	0.000
6480.842	0.000
6482.842	0.000
6484.842	0.000
6486.842	0.000
6488.842	0.000
6490.842	0.000
6492.842	0.000
6494.842	0.000
6496.842	0.000
6498.842	0.000
6500.842	0.000
6502.842	0.000
6504.842	0.000
6506.842	0.000
6508.842	0.000
6510.842	0.000
6512.842	0.000
6514.842	0.000
6516.842	0.000
6518.842	0.000
6520.842	0.000
6522.842	0.000
6524.842	0.000
6526.842	0.000
6528.842	0.000
6530.842	0.000
6532.842	0.000
6534.842	0.000
6536.842	0.000
6538.842	0.000
6540.842	0.000
6542.842	0.000
6544.842	0.000
6546.842	0.000
6548.842	0.000
6550.842	0.000
6552.842	0.000
6554.842	0.000
6556.842	0.000
6558.842	0.000
6560.842	0.000
6562.842	0.000
6564.842	0.000
6566.842	0.000
6568.842	0.000
6570.842	0.000
6572.842	0.000
6574.842	0.000
6576.842	0.000
6578.842	0.000
6580.842	0.000
6582.842	0.000
6584.842	0.000
6586.842	0.000
6588.842	0.000
6590.842	0.000
6592.842	0.000
6594.842	0.000
6596.842	0.000
6598.842	0.000
6600.842	0.000
6602.842	0.000
6604.842	0.000
6606.842	0.000
6608.842	0.000
6610.842	0.000
6612.842	0.000
6614.842	0.000
6616.842	0.000
6618.842	0.000
6620.842	0.000
6622.842	0.000
6624.842	0.000
6626.842	0.000
6628.842	0.000
6630.842	0.000
6632.842	0.000
6634.842	0.000
6636.842	0.000
6638.842	0.000
6640.842	0.000
6642.842	0.000
6644.842	0.000
6646.842	0.000
6648.842	0.000
6650.842	0.000
6652.842	0.000
6654.842	0.000
6656.842	0.002
6658.842	0.016
6660.842	0.046
6662.842	0.068
6664.842	0.088
6666.842	0.137
6668.842	0.127
6670.842	0.102
6672.842	0.066
6674.842	0.042
6676.842	0.038
6678.842	0.001
6680.842	0.000
6682.842	0.000
6684.842	0.000
6686.842	0.000
6688.842	0.000
6690.842	0.000
6692.842	0.000
6694.842	0.000
6696.842	0.000
6698.842	0.000
6700.842	0.000
6702.842	0.000
6704.842	0.000
6706.842	0.000
6708.842	0.000
6710.842	0.000
6712.842	0.000
6714.842	0.000
6716.842	0.000
6718.842	0.000
6720.842	0.000
6722.842	0.000
6724.842	0.000
6726.842	0.000
6728.842	0.000
6730.842	0.000
6732.842	0.000
6734.842	0.000
6736.842	0.000
6738.842	0.000
6740.842	0.000
6742.842	0.000
6744.842	0.000
6746.842	0.000
6748.842	0.000
6750.842	0.000
6752.842	0.000
6754.842	0.000
6756.842	0.000
6758.842	0.000
6760.842	0.000
6762.842	0.000
6764.842	0.000
6766.842	0.000
6768.842	0.000
6770.842	0.000
6772.842	0.000
6774.842	0.000
6776.842	0.000
6778.842	0.000
6780.842	0.000
6782.842	0.000
6784.842	0.000
6786.842	0.000
6788.842	0.000
6790.842	0.000
6792.842	0.000
6794.842	0.000
6796.842	0.000
6798.842	0.000
6800.842	0.000
6802.842	0.000
6804.842	0.000
6806.842	0.000
6808.842	0.000
6810.842	0.000
6812.842	0.000
6814.842	0.000
6816.842	0.000
6818.842	0.000
6820.842	0.000
6822.842	0.000
6824.842	0.000
6826.842	0.000
6828.842	0.000
6830.842	0.000
6832.842	0.000
6834.842	0.000
6836.842	0.000
6838.842	0.000
6840.842	0.000
6842.842	0.000
6844.842	0.000
6846.842	0.000
6848.842	0.000
6850.842	0.000
6852.842	0.000
6854.842	0.000
6856.842	0.000
6858.842	0.000
6860.842	0.000
6862.842	0.000
6864.842	0.000
6866.842	0.000
6868.842	0.000
6870.842	0.000
6872.842	0.000
6874.842	0.000
