3660.594	0.000
3661.594	0.000
3662.594	0.000
3663.594	0.000
3664.594	0.000
3665.594	0.000
3666.594	0.000
3667.594	0.000
3668.594	0.000
3669.594	0.000
3670.594	0.000
3671.594	0.000
3672.594	0.000
3673.594	0.000
3674.594	0.000
3675.594	0.000
3676.594	0.000
3677.594	0.000
3678.594	0.000
3679.594	0.000
3680.594	0.000
3681.594	0.000
3682.594	0.000
3683.594	0.000
3684.594	0.000
3685.594	0.000
3686.594	0.000
3687.594	0.000
3688.594	0.000
3689.594	0.000
3690.594	0.000
3691.594	0.000
3692.594	0.000
3693.594	0.000
3694.594	0.000
3695.594	0.000
3696.594	0.000
3697.594	0.000
3698.594	0.000
3699.594	0.000
3700.594	0.000
3701.594	0.000
3702.594	0.000
3703.594	0.000
3704.594	0.000
3705.594	0.000
3706.594	0.000
3707.594	0.000
3708.594	0.000
3709.594	0.000
3710.594	0.000
3711.594	0.000
3712.594	0.000
3713.594	0.000
3714.594	0.000
3715.594	0.000
3716.594	0.000
3717.594	0.000
3718.594	0.000
3719.594	0.000
3720.594	0.000
3721.594	0.000
3722.594	0.000
3723.594	0.000
3724.594	0.000
3725.594	0.000
3726.594	0.000
3727.594	0.000
3728.594	0.000
3729.594	0.000
3730.594	0.000
3731.594	0.000
3732.594	0.000
3733.594	0.000
3734.594	0.000
3735.594	0.000
3736.594	0.000
3737.594	0.000
3738.594	0.001
3739.594	0.001
3740.594	0.002
3741.594	0.003
3742.594	0.003
3743.594	0.004
3744.594	0.005
3745.594	0.006
3746.594	0.007
3747.594	0.008
3748.594	0.009
3749.594	0.009
3750.594	0.009
3751.594	0.009
3752.594	0.008
3753.594	0.007
3754.594	0.007
3755.594	0.006
3756.594	0.005
3757.594	0.004
3758.594	0.003
3759.594	0.003
3760.594	0.002
3761.594	0.002
3762.594	0.001
3763.594	0.001
3764.594	0.001
3765.594	0.001
3766.594	0.001
3767.594	0.001
3768.594	0.001
3769.594	0.001
3770.594	0.000
3771.594	0.000
3772.594	0.000
3773.594	0.000
3774.594	0.000
3775.594	0.000
3776.594	0.000
3777.594	0.000
3778.594	0.000
3779.594	0.000
3780.594	0.000
3781.594	0.000
3782.594	0.000
3783.594	0.000
3784.594	0.000
3785.594	0.000
3786.594	0.000
3787.594	0.000
3788.594	0.000
3789.594	0.000
3790.594	0.000
3791.594	0.000
3792.594	0.000
3793.594	0.000
3794.594	0.000
3795.594	0.000
3796.594	0.000
3797.594	0.000
3798.594	0.000
3799.594	0.000
3800.594	0.000
3801.594	0.000
3802.594	0.000
3803.594	0.000
3804.594	0.000
3805.594	0.000
3806.594	0.000
3807.594	0.000
3808.594	0.000
3809.594	0.000
3810.594	0.000
3811.594	0.000
3812.594	0.000
3813.594	0.000
3814.594	0.000
3815.594	0.000
3816.594	0.000
3817.594	0.000
3818.594	0.000
3819.594	0.000
3820.594	0.000
3821.594	0.000
3822.594	0.000
3823.594	0.000
3824.594	0.000
3825.594	0.000
3826.594	0.000
3827.594	0.000
3828.594	0.000
3829.594	0.000
3830.594	0.000
3831.594	0.000
3832.594	0.000
3833.594	0.000
3834.594	0.000
3835.594	0.000
3836.594	0.000
3837.594	0.000
3838.594	0.000
3839.594	0.000
3840.594	0.000
3841.594	0.000
3842.594	0.000
3843.594	0.000
3844.594	0.000
3845.594	0.000
3846.594	0.000
3847.594	0.000
3848.594	0.000
3849.594	0.000
3850.594	0.000
3851.594	0.000
3852.594	0.000
3853.594	0.000
3854.594	0.000
3855.594	0.000
3856.594	0.000
3857.594	0.000
3858.594	0.000
3859.594	0.000
3860.594	0.000
3861.594	0.000
3862.594	0.000
3863.594	0.000
3864.594	0.000
3865.594	0.000
3866.594	0.000
3867.594	0.000
3868.594	0.000
3869.594	0.000
3870.594	0.000
3871.594	0.000
3872.594	0.000
3873.594	0.000
3874.594	0.000
3875.594	0.000
3876.594	0.000
3877.594	0.000
3878.594	0.000
3879.594	0.000
3880.594	0.000
3881.594	0.000
3882.594	0.000
3883.594	0.000
3884.594	0.000
3885.594	0.000
3886.594	0.000
3887.594	0.000
3888.594	0.000
3889.594	0.000
3890.594	0.000
3891.594	0.000
3892.594	0.000
3893.594	0.000
3894.594	0.000
3895.594	0.000
3896.594	0.000
3897.594	0.000
3898.594	0.000
3899.594	0.000
3900.594	0.000
3901.594	0.000
3902.594	0.000
3903.594	0.000
3904.594	0.000
3905.594	0.000
3906.594	0.000
3907.594	0.000
3908.594	0.000
3909.594	0.000
3910.594	0.000
3911.594	0.000
3912.594	0.000
3913.594	0.000
3914.594	0.000
3915.594	0.000
3916.594	0.000
3917.594	0.000
3918.594	0.000
3919.594	0.000
3920.594	0.000
3921.594	0.000
3922.594	0.000
3923.594	0.000
3924.594	0.000
3925.594	0.000
3926.594	0.000
3927.594	0.000
3928.594	0.000
3929.594	0.000
3930.594	0.000
3931.594	0.000
3932.594	0.000
3933.594	0.000
3934.594	0.000
3935.594	0.000
3936.594	0.000
3937.594	0.000
3938.594	0.000
3939.594	0.000
3940.594	0.000
3941.594	0.000
3942.594	0.000
3943.594	0.000
3944.594	0.000
3945.594	0.000
3946.594	0.000
3947.594	0.000
3948.594	0.000
3949.594	0.000
3950.594	0.000
3951.594	0.000
3952.594	0.000
3953.594	0.000
3954.594	0.000
3955.594	0.000
3956.594	0.000
3957.594	0.000
3958.594	0.000
3959.594	0.000
3960.594	0.000
3961.594	0.000
3962.594	0.000
3963.594	0.000
3964.594	0.000
3965.594	0.000
3966.594	0.000
3967.594	0.000
3968.594	0.000
3969.594	0.000
3970.594	0.000
3971.594	0.000
3972.594	0.000
3973.594	0.000
3974.594	0.000
3975.594	0.000
3976.594	0.000
3977.594	0.000
3978.594	0.000
3979.594	0.000
3980.594	0.000
3981.594	0.000
3982.594	0.000
3983.594	0.000
3984.594	0.000
3985.594	0.000
3986.594	0.000
3987.594	0.000
3988.594	0.000
3989.594	0.000
3990.594	0.000
3991.594	0.000
3992.594	0.000
3993.594	0.000
3994.594	0.000
3995.594	0.000
3996.594	0.000
3997.594	0.000
3998.594	0.000
3999.594	0.000
4000.594	0.000
4001.594	0.000
4002.594	0.000
4003.594	0.000
4004.594	0.000
4005.594	0.000
4006.594	0.000
4007.594	0.000
4008.594	0.000
4009.594	0.000
4010.594	0.000
4011.594	0.000
4012.594	0.000
4013.594	0.000
4014.594	0.000
4015.594	0.000
4016.594	0.000
4017.594	0.000
4018.594	0.000
4019.594	0.000
4020.594	0.000
4021.594	0.000
4022.594	0.000
4023.594	0.000
4024.594	0.000
4025.594	0.000
4026.594	0.000
4027.594	0.000
4028.594	0.000
4029.594	0.000
4030.594	0.000
4031.594	0.000
4032.594	0.000
4033.594	0.000
4034.594	0.000
4035.594	0.000
4036.594	0.000
4037.594	0.000
4038.594	0.000
4039.594	0.000
4040.594	0.000
4041.594	0.000
4042.594	0.000
4043.594	0.000
4044.594	0.000
4045.594	0.000
4046.594	0.000
4047.594	0.000
4048.594	0.000
4049.594	0.000
4050.594	0.000
4051.594	0.000
4052.594	0.000
4053.594	0.000
4054.594	0.000
4055.594	0.000
4056.594	0.000
4057.594	0.000
4058.594	0.000
4059.594	0.000
4060.594	0.000
4061.594	0.000
4062.594	0.000
4063.594	0.000
4064.594	0.000
4065.594	0.000
4066.594	0.000
4067.594	0.000
4068.594	0.000
4069.594	0.000
4070.594	0.000
4071.594	0.000
4072.594	0.000
4073.594	0.000
4074.594	0.000
4075.594	0.000
4076.594	0.000
4077.594	0.000
4078.594	0.000
4079.594	0.000
4080.594	0.000
4081.594	0.000
4082.594	0.000
4083.594	0.000
4084.594	0.000
4085.594	0.000
4086.594	0.000
4087.594	0.000
4088.594	0.000
4089.594	0.000
4090.594	0.000
4091.594	0.000
4092.594	0.000
4093.594	0.000
4094.594	0.000
4095.594	0.000
4096.594	0.000
4097.594	0.000
4098.594	0.000
4099.594	0.000
4100.594	0.000
4101.594	0.000
4102.594	0.000
4103.594	0.000
4104.594	0.000
4105.594	0.000
4106.594	0.000
4107.594	0.000
4108.594	0.000
4109.594	0.000
4110.594	0.000
4111.594	0.000
4112.594	0.000
4113.594	0.000
4114.594	0.000
4115.594	0.000
4116.594	0.000
4117.594	0.000
4118.594	0.000
4119.594	0.000
4120.594	0.000
4121.594	0.000
4122.594	0.000
4123.594	0.000
4124.594	0.000
4125.594	0.000
4126.594	0.000
4127.594	0.000
4128.594	0.000
4129.594	0.000
4130.594	0.000
4131.594	0.000
4132.594	0.000
4133.594	0.000
4134.594	0.000
4135.594	0.000
4136.594	0.000
4137.594	0.001
4138.594	0.002
4139.594	0.003
4140.594	0.004
4141.594	0.005
4142.594	0.006
4143.594	0.008
4144.594	0.009
4145.594	0.010
4146.594	0.012
4147.594	0.012
4148.594	0.012
4149.594	0.010
4150.594	0.009
4151.594	0.008
4152.594	0.007
4153.594	0.005
4154.594	0.004
4155.594	0.003
4156.594	0.002
4157.594	0.001
4158.594	0.000
4159.594	0.000
4160.594	0.000
4161.594	0.000
4162.594	0.000
4163.594	0.000
4164.594	0.000
4165.594	0.000
4166.594	0.000
4167.594	0.000
4168.594	0.000
4169.594	0.000
4170.594	0.000
4171.594	0.001
4172.594	0.001
4173.594	0.001
4174.594	0.001
4175.594	0.001
4176.594	0.001
4177.594	0.001
4178.594	0.001
4179.594	0.001
4180.594	0.001
4181.594	0.001
4182.594	0.001
4183.594	0.001
4184.594	0.001
4185.594	0.000
4186.594	0.000
4187.594	0.000
4188.594	0.000
4189.594	0.000
4190.594	0.000
4191.594	0.000
4192.594	0.000
4193.594	0.000
4194.594	0.000
4195.594	0.000
4196.594	0.000
4197.594	0.000
4198.594	0.000
4199.594	0.000
4200.594	0.000
4201.594	0.000
4202.594	0.000
4203.594	0.000
4204.594	0.000
4205.594	0.000
4206.594	0.000
4207.594	0.000
4208.594	0.000
4209.594	0.000
4210.594	0.000
4211.594	0.000
4212.594	0.000
4213.594	0.000
4214.594	0.000
4215.594	0.000
4216.594	0.000
4217.594	0.000
4218.594	0.000
4219.594	0.000
4220.594	0.000
4221.594	0.000
4222.594	0.000
4223.594	0.000
4224.594	0.000
4225.594	0.000
4226.594	0.000
4227.594	0.000
4228.594	0.000
4229.594	0.000
4230.594	0.000
4231.594	0.000
4232.594	0.000
4233.594	0.000
4234.594	0.000
4235.594	0.000
4236.594	0.000
4237.594	0.000
4238.594	0.000
4239.594	0.000
4240.594	0.000
4241.594	0.000
4242.594	0.000
4243.594	0.000
4244.594	0.000
4245.594	0.000
4246.594	0.000
4247.594	0.000
4248.594	0.000
4249.594	0.000
4250.594	0.000
4251.594	0.000
4252.594	0.000
4253.594	0.000
4254.594	0.000
4255.594	0.000
4256.594	0.000
4257.594	0.000
4258.594	0.000
4259.594	0.000
4260.594	0.000
4261.594	0.000
4262.594	0.000
4263.594	0.000
4264.594	0.000
4265.594	0.000
4266.594	0.000
4267.594	0.000
4268.594	0.000
4269.594	0.000
4270.594	0.000
4271.594	0.000
4272.594	0.000
4273.594	0.000
4274.594	0.000
4275.594	0.000
4276.594	0.000
4277.594	0.000
4278.594	0.000
4279.594	0.000
4280.594	0.000
4281.594	0.000
4282.594	0.000
4283.594	0.000
4284.594	0.000
4285.594	0.000
4286.594	0.000
4287.594	0.000
4288.594	0.000
4289.594	0.000
4290.594	0.000
4291.594	0.000
4292.594	0.000
4293.594	0.000
4294.594	0.000
4295.594	0.000
4296.594	0.000
4297.594	0.000
4298.594	0.001
4299.594	0.000
4300.594	0.000
4301.594	0.000
4302.594	0.000
4303.594	0.000
4304.594	0.000
4305.594	0.000
4306.594	0.000
4307.594	0.000
4308.594	0.000
4309.594	0.000
4310.594	0.000
4311.594	0.000
4312.594	0.000
4313.594	0.000
4314.594	0.000
4315.594	0.000
4316.594	0.000
4317.594	0.000
4318.594	0.000
4319.594	0.000
4320.594	0.000
4321.594	0.000
4322.594	0.000
4323.594	0.000
4324.594	0.000
4325.594	0.000
4326.594	0.000
4327.594	0.000
4328.594	0.000
4329.594	0.000
4330.594	0.000
4331.594	0.000
4332.594	0.000
4333.594	0.000
4334.594	0.000
4335.594	0.000
4336.594	0.000
4337.594	0.000
4338.594	0.000
4339.594	0.000
4340.594	0.000
4341.594	0.000
4342.594	0.000
4343.594	0.000
4344.594	0.000
4345.594	0.000
4346.594	0.000
4347.594	0.000
4348.594	0.000
4349.594	0.000
4350.594	0.000
4351.594	0.000
4352.594	0.000
4353.594	0.000
4354.594	0.000
4355.594	0.000
4356.594	0.000
4357.594	0.000
4358.594	0.000
4359.594	0.000
4360.594	0.000
4361.594	0.000
4362.594	0.000
4363.594	0.000
4364.594	0.000
4365.594	0.000
4366.594	0.000
4367.594	0.000
4368.594	0.000
4369.594	0.000
4370.594	0.000
4371.594	0.000
4372.594	0.000
4373.594	0.000
4374.594	0.000
4375.594	0.000
4376.594	0.000
4377.594	0.000
4378.594	0.000
4379.594	0.000
4380.594	0.000
4381.594	0.000
4382.594	0.000
4383.594	0.000
4384.594	0.000
4385.594	0.000
4386.594	0.000
4387.594	0.000
4388.594	0.000
4389.594	0.000
4390.594	0.000
4391.594	0.000
4392.594	0.000
4393.594	0.000
4394.594	0.000
4395.594	0.000
4396.594	0.000
4397.594	0.000
4398.594	0.000
4399.594	0.000
4400.594	0.000
4401.594	0.000
4402.594	0.000
4403.594	0.000
4404.594	0.000
4405.594	0.000
4406.594	0.000
4407.594	0.000
4408.594	0.000
4409.594	0.000
4410.594	0.000
4411.594	0.000
4412.594	0.000
4413.594	0.000
4414.594	0.000
4415.594	0.000
4416.594	0.000
4417.594	0.000
4418.594	0.000
4419.594	0.000
4420.594	0.000
4421.594	0.000
4422.594	0.000
4423.594	0.000
4424.594	0.000
4425.594	0.000
4426.594	0.000
4427.594	0.000
4428.594	0.000
4429.594	0.000
4430.594	0.000
4431.594	0.000
4432.594	0.000
4433.594	0.000
4434.594	0.000
4435.594	0.000
4436.594	0.000
4437.594	0.000
4438.594	0.000
4439.594	0.000
4440.594	0.001
4441.594	0.001
4442.594	0.001
4443.594	0.001
4444.594	0.001
4445.594	0.001
4446.594	0.001
4447.594	0.001
4448.594	0.001
4449.594	0.003
4450.594	0.007
4451.594	0.011
4452.594	0.014
4453.594	0.019
4454.594	0.023
4455.594	0.027
4456.594	0.031
4457.594	0.036
4458.594	0.040
4459.594	0.039
4460.594	0.036
4461.594	0.033
4462.594	0.029
4463.594	0.022
4464.594	0.021
4465.594	0.015
4466.594	0.012
4467.594	0.009
4468.594	0.004
4469.594	0.002
4470.594	0.001
4471.594	0.000
4472.594	0.000
4473.594	0.000
4474.594	0.000
4475.594	0.000
4476.594	0.000
4477.594	0.000
4478.594	0.000
4479.594	0.000
4480.594	0.000
4481.594	0.000
4482.594	0.000
4483.594	0.000
4484.594	0.000
4485.594	0.000
4486.594	0.000
4487.594	0.000
4488.594	0.000
4489.594	0.000
4490.594	0.000
4491.594	0.000
4492.594	0.000
4493.594	0.000
4494.594	0.000
4495.594	0.000
4496.594	0.000
4497.594	0.000
4498.594	0.000
4499.594	0.000
4500.594	0.000
4501.594	0.000
4502.594	0.000
4503.594	0.000
4504.594	0.000
4505.594	0.000
4506.594	0.000
4507.594	0.000
4508.594	0.000
4509.594	0.000
4510.594	0.000
4511.594	0.000
4512.594	0.000
4513.594	0.000
4514.594	0.000
4515.594	0.000
4516.594	0.000
4517.594	0.000
4518.594	0.000
4519.594	0.000
4520.594	0.000
4521.594	0.000
4522.594	0.000
4523.594	0.000
4524.594	0.000
4525.594	0.000
4526.594	0.000
4527.594	0.000
4528.594	0.000
4529.594	0.000
4530.594	0.000
4531.594	0.000
4532.594	0.000
4533.594	0.000
4534.594	0.000
4535.594	0.000
4536.594	0.000
4537.594	0.000
4538.594	0.000
4539.594	0.000
4540.594	0.000
4541.594	0.000
4542.594	0.000
4543.594	0.000
4544.594	0.000
4545.594	0.000
4546.594	0.000
4547.594	0.000
4548.594	0.000
4549.594	0.000
4550.594	0.000
4551.594	0.000
4552.594	0.000
4553.594	0.000
4554.594	0.000
4555.594	0.000
4556.594	0.000
4557.594	0.000
4558.594	0.000
4559.594	0.000
4560.594	0.000
4561.594	0.000
4562.594	0.000
4563.594	0.000
4564.594	0.000
4565.594	0.000
4566.594	0.000
4567.594	0.000
4568.594	0.000
4569.594	0.000
4570.594	0.000
4571.594	0.000
4572.594	0.000
4573.594	0.000
4574.594	0.000
4575.594	0.000
4576.594	0.000
4577.594	0.000
4578.594	0.000
4579.594	0.000
4580.594	0.000
4581.594	0.000
4582.594	0.000
4583.594	0.000
4584.594	0.000
4585.594	0.000
4586.594	0.000
4587.594	0.000
4588.594	0.000
4589.594	0.000
4590.594	0.000
4591.594	0.000
4592.594	0.000
4593.594	0.000
4594.594	0.000
4595.594	0.000
4596.594	0.000
4597.594	0.000
4598.594	0.000
4599.594	0.000
4600.594	0.000
4601.594	0.000
4602.594	0.000
4603.594	0.000
4604.594	0.000
4605.594	0.000
4606.594	0.000
4607.594	0.000
4608.594	0.000
4609.594	0.000
4610.594	0.000
4611.594	0.000
4612.594	0.000
4613.594	0.000
4614.594	0.000
4615.594	0.000
4616.594	0.000
4617.594	0.000
4618.594	0.000
4619.594	0.000
4620.594	0.000
4621.594	0.000
4622.594	0.000
4623.594	0.000
4624.594	0.000
4625.594	0.000
4626.594	0.000
4627.594	0.000
4628.594	0.000
4629.594	0.000
4630.594	0.000
4631.594	0.000
4632.594	0.000
4633.594	0.000
4634.594	0.000
4635.594	0.000
4636.594	0.000
4637.594	0.000
4638.594	0.000
4639.594	0.000
4640.594	0.000
4641.594	0.000
4642.594	0.000
4643.594	0.000
4644.594	0.000
4645.594	0.000
4646.594	0.000
4647.594	0.000
4648.594	0.000
4649.594	0.000
4650.594	0.000
4651.594	0.000
4652.594	0.000
4653.594	0.000
4654.594	0.000
4655.594	0.000
4656.594	0.000
4657.594	0.000
4658.594	0.000
4659.594	0.000
4660.594	0.000
4661.594	0.000
4662.594	0.000
4663.594	0.000
4664.594	0.000
4665.594	0.000
4666.594	0.000
4667.594	0.000
4668.594	0.000
4669.594	0.000
4670.594	0.000
4671.594	0.000
4672.594	0.000
4673.594	0.000
4674.594	0.000
4675.594	0.000
4676.594	0.000
4677.594	0.000
4678.594	0.000
4679.594	0.000
4680.594	0.000
4681.594	0.000
4682.594	0.000
4683.594	0.000
4684.594	0.000
4685.594	0.000
4686.594	0.000
4687.594	0.000
4688.594	0.000
4689.594	0.000
4690.594	0.000
4691.594	0.000
4692.594	0.000
4693.594	0.000
4694.594	0.000
4695.594	0.000
4696.594	0.000
4697.594	0.000
4698.594	0.000
4699.594	0.000
4700.594	0.000
4701.594	0.000
4702.594	0.000
4703.594	0.000
4704.594	0.000
4705.594	0.000
4706.594	0.000
4707.594	0.000
4708.594	0.000
4709.594	0.000
4710.594	0.000
4711.594	0.000
4712.594	0.000
4713.594	0.000
4714.594	0.000
4715.594	0.000
4716.594	0.000
4717.594	0.000
4718.594	0.000
4719.594	0.000
4720.594	0.000
4721.594	0.000
4722.594	0.000
4723.594	0.000
4724.594	0.000
4725.594	0.000
4726.594	0.000
4727.594	0.000
4728.594	0.000
4729.594	0.000
4730.594	0.000
4731.594	0.000
4732.594	0.000
4733.594	0.000
4734.594	0.000
4735.594	0.000
4736.594	0.000
4737.594	0.000
4738.594	0.000
4739.594	0.000
4740.594	0.000
4741.594	0.000
4742.594	0.000
4743.594	0.000
4744.594	0.000
4745.594	0.000
4746.594	0.000
4747.594	0.000
4748.594	0.000
4749.594	0.000
4750.594	0.000
4751.594	0.000
4752.594	0.000
4753.594	0.000
4754.594	0.000
4755.594	0.000
4756.594	0.000
4757.594	0.000
4758.594	0.000
4759.594	0.000
4760.594	0.000
4761.594	0.000
4762.594	0.000
4763.594	0.000
4764.594	0.000
4765.594	0.000
4766.594	0.000
4767.594	0.000
4768.594	0.000
4769.594	0.000
4770.594	0.000
4771.594	0.000
4772.594	0.000
4773.594	0.000
4774.594	0.000
4775.594	0.000
4776.594	0.000
4777.594	0.000
4778.594	0.000
4779.594	0.000
4780.594	0.000
4781.594	0.000
4782.594	0.000
4783.594	0.000
4784.594	0.000
4785.594	0.000
4786.594	0.000
4787.594	0.000
4788.594	0.000
4789.594	0.000
4790.594	0.000
4791.594	0.000
4792.594	0.000
4793.594	0.000
4794.594	0.000
4795.594	0.000
4796.594	0.000
4797.594	0.000
4798.594	0.000
4799.594	0.000
4800.594	0.000
4801.594	0.000
4802.594	0.000
4803.594	0.000
4804.594	0.000
4805.594	0.000
4806.594	0.000
4807.594	0.000
4808.594	0.000
4809.594	0.000
4810.594	0.000
4811.594	0.000
4812.594	0.000
4813.594	0.000
4814.594	0.000
4815.594	0.000
4816.594	0.000
4817.594	0.000
4818.594	0.000
4819.594	0.000
4820.594	0.000
4821.594	0.000
4822.594	0.000
4823.594	0.000
4824.594	0.000
4825.594	0.000
4826.594	0.000
4827.594	0.000
4828.594	0.000
4829.594	0.000
4830.594	0.000
4831.594	0.000
4832.594	0.000
4833.594	0.000
4834.594	0.000
4835.594	0.000
4836.594	0.000
4837.594	0.000
4838.594	0.000
4839.594	0.000
4840.594	0.000
4841.594	0.000
4842.594	0.000
4843.594	0.000
4844.594	0.000
4845.594	0.000
4846.594	0.000
4847.594	0.000
4848.594	0.000
4849.594	0.000
4850.594	0.000
4851.594	0.000
4852.594	0.000
4853.594	0.000
4854.594	0.000
4855.594	0.000
4856.594	0.000
4857.594	0.000
4858.594	0.000
4859.594	0.000
4860.594	0.000
4861.594	0.000
4862.594	0.000
4863.594	0.000
4864.594	0.000
4865.594	0.000
4866.594	0.000
4867.594	0.000
4868.594	0.000
4869.594	0.000
4870.594	0.000
4871.594	0.000
4872.594	0.000
4873.594	0.000
4874.594	0.000
4875.594	0.000
4876.594	0.000
4877.594	0.000
4878.594	0.000
4879.594	0.000
4880.594	0.000
4881.594	0.000
4882.594	0.000
4883.594	0.000
4884.594	0.000
4885.594	0.000
4886.594	0.000
4887.594	0.000
4888.594	0.000
4889.594	0.000
4890.594	0.000
4891.594	0.000
4892.594	0.000
4893.594	0.000
4894.594	0.000
4895.594	0.000
4896.594	0.000
4897.594	0.000
4898.594	0.000
4899.594	0.000
4900.594	0.000
4901.594	0.000
4902.594	0.000
4903.594	0.000
4904.594	0.000
4905.594	0.000
4906.594	0.000
4907.594	0.000
4908.594	0.000
4909.594	0.000
4910.594	0.000
4911.594	0.000
4912.594	0.000
4913.594	0.000
4914.594	0.000
4915.594	0.000
4916.594	0.000
4917.594	0.000
4918.594	0.000
4919.594	0.000
4920.594	0.000
4921.594	0.000
4922.594	0.000
4923.594	0.000
4924.594	0.000
4925.594	0.000
4926.594	0.000
4927.594	0.000
4928.594	0.000
4929.594	0.000
4930.594	0.000
4931.594	0.000
4932.594	0.000
4933.594	0.000
4934.594	0.000
4935.594	0.000
4936.594	0.000
4937.594	0.000
4938.594	0.000
4939.594	0.000
4940.594	0.000
4941.594	0.000
4942.594	0.000
4943.594	0.000
4944.594	0.000
4945.594	0.000
4946.594	0.000
4947.594	0.000
4948.594	0.000
4949.594	0.000
4950.594	0.000
4951.594	0.000
4952.594	0.000
4953.594	0.000
4954.594	0.000
4955.594	0.000
4956.594	0.000
4957.594	0.000
4958.594	0.000
4959.594	0.000
4960.594	0.000
4961.594	0.000
4962.594	0.000
4963.594	0.000
4964.594	0.000
4965.594	0.000
4966.594	0.000
4967.594	0.000
4968.594	0.000
4969.594	0.000
4970.594	0.000
4971.594	0.000
4972.594	0.000
4973.594	0.000
4974.594	0.000
4975.594	0.000
4976.594	0.000
4977.594	0.000
4978.594	0.000
4979.594	0.000
4980.594	0.000
4981.594	0.000
4982.594	0.000
4983.594	0.000
4984.594	0.000
4985.594	0.000
4986.594	0.000
4987.594	0.000
4988.594	0.000
4989.594	0.000
4990.594	0.000
4991.594	0.000
4992.594	0.000
4993.594	0.000
4994.594	0.000
4995.594	0.000
4996.594	0.000
4997.594	0.000
4998.594	0.000
4999.594	0.000
5000.594	0.000
5001.594	0.000
5002.594	0.000
5003.594	0.000
5004.594	0.000
5005.594	0.000
5006.594	0.000
5007.594	0.000
5008.594	0.000
5009.594	0.000
5010.594	0.000
5011.594	0.000
5012.594	0.000
5013.594	0.000
5014.594	0.000
5015.594	0.000
5016.594	0.000
5017.594	0.000
5018.594	0.000
5019.594	0.000
5020.594	0.000
5021.594	0.000
5022.594	0.000
5023.594	0.000
5024.594	0.000
5025.594	0.000
5026.594	0.000
5027.594	0.000
5028.594	0.000
5029.594	0.000
5030.594	0.000
5031.594	0.000
5032.594	0.000
5033.594	0.000
5034.594	0.000
5035.594	0.000
5036.594	0.000
5037.594	0.000
5038.594	0.000
5039.594	0.000
5040.594	0.000
5041.594	0.000
5042.594	0.000
5043.594	0.000
5044.594	0.000
5045.594	0.000
5046.594	0.000
5047.594	0.000
5048.594	0.000
5049.594	0.000
5050.594	0.000
5051.594	0.000
5052.594	0.000
5053.594	0.000
5054.594	0.000
5055.594	0.000
5056.594	0.000
5057.594	0.000
5058.594	0.000
5059.594	0.000
5060.594	0.000
5061.594	0.000
5062.594	0.000
5063.594	0.000
5064.594	0.000
5065.594	0.000
5066.594	0.000
5067.594	0.000
5068.594	0.000
5069.594	0.000
5070.594	0.000
5071.594	0.000
5072.594	0.000
5073.594	0.000
5074.594	0.000
5075.594	0.000
5076.594	0.000
5077.594	0.000
5078.594	0.000
5079.594	0.000
5080.594	0.000
5081.594	0.000
5082.594	0.000
5083.594	0.000
5084.594	0.000
5085.594	0.000
5086.594	0.000
5087.594	0.000
5088.594	0.000
5089.594	0.000
5090.594	0.000
5091.594	0.000
5092.594	0.000
5093.594	0.000
5094.594	0.000
5095.594	0.000
5096.594	0.000
5097.594	0.000
5098.594	0.000
5099.594	0.000
5100.594	0.000
5101.594	0.000
5102.594	0.000
5103.594	0.000
5104.594	0.000
5105.594	0.000
5106.594	0.000
5107.594	0.000
5108.594	0.000
5109.594	0.000
5110.594	0.000
5111.594	0.000
5112.594	0.000
5113.594	0.000
5114.594	0.000
5115.594	0.000
5116.594	0.000
5117.594	0.000
5118.594	0.000
5119.594	0.000
5120.594	0.000
5121.594	0.000
5122.594	0.000
5123.594	0.000
5124.594	0.000
5125.594	0.000
5126.594	0.000
5127.594	0.000
5128.594	0.000
5129.594	0.000
5130.594	0.000
5131.594	0.000
5132.594	0.000
5133.594	0.000
5134.594	0.000
5135.594	0.000
5136.594	0.000
5137.594	0.000
5138.594	0.000
5139.594	0.000
5140.594	0.000
5141.594	0.000
5142.594	0.000
5143.594	0.000
5144.594	0.000
5145.594	0.000
5146.594	0.000
5147.594	0.000
5148.594	0.000
5149.594	0.000
5150.594	0.000
5151.594	0.000
5152.594	0.000
5153.594	0.000
5154.594	0.000
5155.594	0.000
5156.594	0.000
5157.594	0.000
5158.594	0.000
5159.594	0.000
5160.594	0.000
5161.594	0.000
5162.594	0.000
5163.594	0.000
5164.594	0.000
5165.594	0.000
5166.594	0.000
5167.594	0.000
5168.594	0.000
5169.594	0.000
5170.594	0.000
5171.594	0.000
5172.594	0.000
5173.594	0.000
5174.594	0.000
5175.594	0.000
5176.594	0.000
5177.594	0.000
5178.594	0.000
5179.594	0.000
5180.594	0.000
5181.594	0.000
5182.594	0.000
5183.594	0.000
5184.594	0.000
5185.594	0.000
5186.594	0.000
5187.594	0.000
5188.594	0.000
5189.594	0.000
5190.594	0.000
5191.594	0.000
5192.594	0.000
5193.594	0.000
5194.594	0.000
5195.594	0.000
5196.594	0.000
5197.594	0.000
5198.594	0.000
5199.594	0.000
5200.594	0.000
5201.594	0.000
5202.594	0.000
5203.594	0.000
5204.594	0.000
5205.594	0.000
5206.594	0.000
5207.594	0.000
5208.594	0.000
5209.594	0.000
5210.594	0.000
5211.594	0.000
5212.594	0.000
5213.594	0.000
5214.594	0.000
5215.594	0.000
5216.594	0.000
5217.594	0.000
5218.594	0.000
5219.594	0.000
5220.594	0.000
5221.594	0.000
5222.594	0.000
5223.594	0.000
5224.594	0.000
5225.594	0.000
5226.594	0.000
5227.594	0.000
5228.594	0.000
5229.594	0.000
5230.594	0.000
5231.594	0.000
5232.594	0.000
5233.594	0.000
5234.594	0.000
5235.594	0.000
5236.594	0.000
5237.594	0.000
5238.594	0.000
5239.594	0.000
5240.594	0.000
5241.594	0.000
5242.594	0.000
5243.594	0.000
5244.594	0.000
5245.594	0.000
5246.594	0.000
5247.594	0.000
5248.594	0.000
5249.594	0.000
5250.594	0.000
5251.594	0.000
5252.594	0.000
5253.594	0.000
5254.594	0.000
5255.594	0.000
5256.594	0.000
5257.594	0.000
5258.594	0.000
5259.594	0.000
5260.594	0.000
5261.594	0.000
5262.594	0.000
5263.594	0.000
5264.594	0.000
5265.594	0.000
5266.594	0.000
5267.594	0.000
5268.594	0.000
5269.594	0.000
5270.594	0.000
5271.594	0.000
5272.594	0.000
5273.594	0.000
5274.594	0.000
5275.594	0.000
5276.594	0.000
5277.594	0.000
5278.594	0.000
5279.594	0.000
5280.594	0.000
5281.594	0.000
5282.594	0.000
5283.594	0.000
5284.594	0.000
5285.594	0.000
5286.594	0.000
5287.594	0.000
5288.594	0.000
5289.594	0.000
5290.594	0.000
5291.594	0.000
5292.594	0.000
5293.594	0.000
5294.594	0.000
5295.594	0.000
5296.594	0.000
5297.594	0.000
5298.594	0.000
5299.594	0.000
5300.594	0.000
5301.594	0.000
5302.594	0.000
5303.594	0.000
5304.594	0.000
5305.594	0.000
5306.594	0.000
5307.594	0.000
5308.594	0.000
5309.594	0.000
5310.594	0.000
5311.594	0.000
5312.594	0.000
5313.594	0.000
5314.594	0.000
5315.594	0.000
5316.594	0.000
5317.594	0.000
5318.594	0.000
5319.594	0.000
5320.594	0.000
5321.594	0.000
5322.594	0.000
5323.594	0.000
5324.594	0.000
5325.594	0.000
5326.594	0.000
5327.594	0.000
5328.594	0.000
5329.594	0.000
5330.594	0.000
5331.594	0.000
5332.594	0.000
5333.594	0.000
5334.594	0.000
5335.594	0.000
5336.594	0.000
5337.594	0.000
5338.594	0.000
5339.594	0.000
5340.594	0.000
5341.594	0.000
5342.594	0.000
5343.594	0.000
5344.594	0.000
5345.594	0.000
5346.594	0.000
5347.594	0.000
5348.594	0.000
5349.594	0.000
5350.594	0.000
5351.594	0.000
5352.594	0.000
5353.594	0.000
5354.594	0.000
5355.594	0.000
5356.594	0.000
5357.594	0.000
5358.594	0.000
5359.594	0.000
5360.594	0.000
5361.594	0.000
5362.594	0.000
5363.594	0.000
5364.594	0.000
5365.594	0.000
5366.594	0.000
5367.594	0.000
5368.594	0.000
5369.594	0.000
5370.594	0.000
5371.594	0.000
5372.594	0.000
5373.594	0.000
5374.594	0.000
5375.594	0.000
5376.594	0.000
5377.594	0.000
5378.594	0.000
5379.594	0.000
5380.594	0.000
5381.594	0.000
5382.594	0.000
5383.594	0.000
5384.594	0.000
5385.594	0.000
5386.594	0.000
5387.594	0.000
5388.594	0.000
5389.594	0.000
5390.594	0.000
5391.594	0.000
5392.594	0.000
5393.594	0.000
5394.594	0.000
5395.594	0.000
5396.594	0.000
5397.594	0.000
5398.594	0.000
5399.594	0.000
5400.594	0.000
5401.594	0.000
5402.594	0.000
5403.594	0.000
5404.594	0.000
5405.594	0.000
5406.594	0.000
5407.594	0.000
5408.594	0.000
5409.594	0.000
5410.594	0.000
5411.594	0.000
5412.594	0.000
5413.594	0.000
5414.594	0.000
5415.594	0.000
5416.594	0.000
5417.594	0.000
5418.594	0.000
5419.594	0.000
5420.594	0.000
5421.594	0.000
5422.594	0.000
5423.594	0.000
5424.594	0.000
5425.594	0.000
5426.594	0.000
5427.594	0.000
5428.594	0.000
5429.594	0.000
5430.594	0.000
5431.594	0.000
5432.594	0.000
5433.594	0.000
5434.594	0.000
5435.594	0.000
5436.594	0.000
5437.594	0.000
5438.594	0.000
5439.594	0.000
5440.594	0.000
5441.594	0.000
5442.594	0.000
5443.594	0.000
5444.594	0.000
5445.594	0.000
5446.594	0.000
5447.594	0.000
5448.594	0.000
5449.594	0.000
5450.594	0.000
5451.594	0.000
5452.594	0.000
5453.594	0.000
5454.594	0.000
5455.594	0.000
5456.594	0.000
5457.594	0.000
5458.594	0.000
5459.594	0.000
5460.594	0.000
5461.594	0.000
5462.594	0.000
5463.594	0.000
5464.594	0.000
5465.594	0.000
5466.594	0.000
5467.594	0.000
5468.594	0.000
5469.594	0.000
5470.594	0.000
5471.594	0.000
5472.594	0.000
5473.594	0.000
5474.594	0.000
5475.594	0.000
5476.594	0.000
5477.594	0.000
5478.594	0.000
5479.594	0.000
5480.594	0.000
5481.594	0.000
5482.594	0.000
5483.594	0.000
5484.594	0.000
5485.594	0.000
5486.594	0.000
5487.594	0.000
5488.594	0.000
5489.594	0.000
5490.594	0.000
5491.594	0.000
5492.594	0.000
5493.594	0.000
5494.594	0.000
5495.594	0.000
5496.594	0.000
5497.594	0.000
5498.594	0.000
5499.594	0.000
5500.594	0.000
5501.594	0.000
5502.594	0.000
5503.594	0.000
5504.594	0.000
5505.594	0.000
5506.594	0.000
5507.594	0.000
5508.594	0.000
5509.594	0.000
5510.594	0.000
5511.594	0.000
5512.594	0.000
5513.594	0.000
5514.594	0.000
5515.594	0.000
5516.594	0.000
5517.594	0.000
5518.594	0.000
5519.594	0.000
5520.594	0.000
5521.594	0.000
5522.594	0.000
5523.594	0.000
5524.594	0.000
5525.594	0.000
5526.594	0.000
5527.594	0.000
5528.594	0.000
5529.594	0.000
5530.594	0.000
5531.594	0.000
5532.594	0.000
5533.594	0.000
5534.594	0.000
5535.594	0.000
5536.594	0.000
5537.594	0.000
5538.594	0.000
5539.594	0.000
5540.594	0.000
5541.594	0.000
5542.594	0.000
5543.594	0.000
5544.594	0.000
5545.594	0.000
5546.594	0.000
5547.594	0.000
5548.594	0.001
5549.594	0.002
5550.594	0.004
5551.594	0.005
5552.594	0.007
5553.594	0.010
5554.594	0.011
5555.594	0.013
5556.594	0.016
5557.594	0.017
5558.594	0.018
5559.594	0.019
5560.594	0.018
5561.594	0.016
5562.594	0.014
5563.594	0.012
5564.594	0.010
5565.594	0.008
5566.594	0.006
5567.594	0.004
5568.594	0.003
5569.594	0.001
5570.594	0.000
5571.594	0.000
5572.594	0.000
5573.594	0.000
5574.594	0.000
5575.594	0.000
5576.594	0.000
5577.594	0.000
5578.594	0.000
5579.594	0.000
5580.594	0.000
5581.594	0.000
5582.594	0.000
5583.594	0.000
5584.594	0.000
5585.594	0.000
5586.594	0.000
5587.594	0.000
5588.594	0.000
5589.594	0.000
5590.594	0.000
5591.594	0.000
5592.594	0.000
5593.594	0.000
5594.594	0.000
5595.594	0.000
5596.594	0.000
5597.594	0.000
5598.594	0.000
5599.594	0.000
5600.594	0.000
5601.594	0.000
5602.594	0.000
5603.594	0.000
5604.594	0.000
5605.594	0.000
5606.594	0.000
5607.594	0.000
5608.594	0.000
5609.594	0.000
5610.594	0.000
5611.594	0.000
5612.594	0.000
5613.594	0.000
5614.594	0.000
5615.594	0.000
5616.594	0.000
5617.594	0.000
5618.594	0.000
5619.594	0.000
5620.594	0.000
5621.594	0.000
5622.594	0.000
5623.594	0.000
5624.594	0.000
5625.594	0.000
5626.594	0.000
5627.594	0.000
5628.594	0.000
5629.594	0.000
5630.594	0.000
5631.594	0.000
5632.594	0.000
5633.594	0.000
5634.594	0.000
5635.594	0.000
5636.594	0.000
5637.594	0.000
5638.594	0.000
5639.594	0.000
5640.594	0.000
5641.594	0.000
5642.594	0.000
5643.594	0.000
5644.594	0.000
5645.594	0.000
5646.594	0.000
5647.594	0.000
5648.594	0.000
5649.594	0.000
5650.594	0.000
5651.594	0.000
5652.594	0.000
5653.594	0.000
5654.594	0.000
5655.594	0.000
5656.594	0.000
5657.594	0.000
5658.594	0.000
5659.594	0.000
5660.594	0.000
5661.594	0.000
5662.594	0.000
5663.594	0.000
5664.594	0.000
5665.594	0.000
5666.594	0.000
5667.594	0.000
5668.594	0.000
5669.594	0.000
5670.594	0.000
5671.594	0.000
5672.594	0.000
5673.594	0.000
5674.594	0.000
5675.594	0.000
5676.594	0.000
5677.594	0.000
5678.594	0.000
5679.594	0.000
5680.594	0.000
5681.594	0.000
5682.594	0.000
5683.594	0.000
5684.594	0.000
5685.594	0.000
5686.594	0.000
5687.594	0.000
5688.594	0.000
5689.594	0.000
5690.594	0.000
5691.594	0.000
5692.594	0.000
5693.594	0.000
5694.594	0.000
5695.594	0.000
5696.594	0.000
5697.594	0.000
5698.594	0.000
5699.594	0.000
5700.594	0.000
5701.594	0.000
5702.594	0.000
5703.594	0.000
5704.594	0.000
5705.594	0.000
5706.594	0.000
5707.594	0.000
5708.594	0.000
5709.594	0.000
5710.594	0.000
5711.594	0.000
5712.594	0.000
5713.594	0.000
5714.594	0.000
5715.594	0.000
5716.594	0.000
5717.594	0.000
5718.594	0.000
5719.594	0.000
5720.594	0.000
5721.594	0.000
5722.594	0.000
5723.594	0.000
5724.594	0.000
5725.594	0.000
5726.594	0.000
5727.594	0.000
5728.594	0.000
5729.594	0.000
5730.594	0.000
5731.594	0.000
5732.594	0.000
5733.594	0.000
5734.594	0.000
5735.594	0.000
5736.594	0.000
5737.594	0.000
5738.594	0.000
5739.594	0.000
5740.594	0.000
5741.594	0.000
5742.594	0.000
5743.594	0.000
5744.594	0.000
5745.594	0.000
5746.594	0.000
5747.594	0.000
5748.594	0.000
5749.594	0.000
5750.594	0.000
5751.594	0.000
5752.594	0.000
5753.594	0.000
5754.594	0.000
5755.594	0.000
5756.594	0.000
5757.594	0.000
5758.594	0.000
5759.594	0.000
5760.594	0.000
5761.594	0.000
5762.594	0.000
5763.594	0.000
5764.594	0.000
5765.594	0.000
5766.594	0.000
5767.594	0.000
5768.594	0.000
5769.594	0.000
5770.594	0.000
5771.594	0.000
5772.594	0.000
5773.594	0.000
5774.594	0.000
5775.594	0.000
5776.594	0.000
5777.594	0.000
5778.594	0.000
5779.594	0.000
5780.594	0.000
5781.594	0.000
5782.594	0.000
5783.594	0.000
5784.594	0.000
5785.594	0.000
5786.594	0.000
5787.594	0.000
5788.594	0.000
5789.594	0.000
5790.594	0.000
5791.594	0.000
5792.594	0.000
5793.594	0.000
5794.594	0.000
5795.594	0.000
5796.594	0.000
5797.594	0.000
5798.594	0.000
5799.594	0.000
5800.594	0.000
5801.594	0.000
5802.594	0.000
5803.594	0.000
5804.594	0.000
5805.594	0.000
5806.594	0.000
5807.594	0.000
5808.594	0.000
5809.594	0.000
5810.594	0.000
5811.594	0.000
5812.594	0.000
5813.594	0.000
5814.594	0.000
5815.594	0.000
5816.594	0.000
5817.594	0.000
5818.594	0.000
5819.594	0.000
5820.594	0.000
5821.594	0.000
5822.594	0.000
5823.594	0.000
5824.594	0.000
5825.594	0.000
5826.594	0.000
5827.594	0.000
5828.594	0.000
5829.594	0.000
5830.594	0.000
5831.594	0.000
5832.594	0.000
5833.594	0.000
5834.594	0.000
5835.594	0.000
5836.594	0.000
5837.594	0.000
5838.594	0.000
5839.594	0.000
5840.594	0.000
5841.594	0.000
5842.594	0.000
5843.594	0.000
5844.594	0.000
5845.594	0.000
5846.594	0.000
5847.594	0.000
5848.594	0.000
5849.594	0.000
5850.594	0.000
5851.594	0.000
5852.594	0.000
5853.594	0.000
5854.594	0.000
5855.594	0.000
5856.594	0.000
5857.594	0.000
5858.594	0.000
5859.594	0.000
5860.594	0.001
5861.594	0.001
5862.594	0.001
5863.594	0.001
5864.594	0.001
5865.594	0.002
5866.594	0.002
5867.594	0.002
5868.594	0.002
5869.594	0.002
5870.594	0.002
5871.594	0.002
5872.594	0.001
5873.594	0.001
5874.594	0.001
5875.594	0.001
5876.594	0.001
5877.594	0.000
5878.594	0.000
5879.594	0.000
5880.594	0.000
5881.594	0.001
5882.594	0.001
5883.594	0.001
5884.594	0.001
5885.594	0.001
5886.594	0.002
5887.594	0.002
5888.594	0.002
5889.594	0.002
5890.594	0.002
5891.594	0.002
5892.594	0.002
5893.594	0.001
5894.594	0.001
5895.594	0.001
5896.594	0.001
5897.594	0.001
5898.594	0.000
5899.594	0.000
5900.594	0.000
5901.594	0.000
5902.594	0.000
5903.594	0.000
5904.594	0.000
5905.594	0.000
5906.594	0.000
5907.594	0.000
5908.594	0.000
5909.594	0.000
5910.594	0.000
5911.594	0.000
5912.594	0.000
5913.594	0.000
5914.594	0.000
5915.594	0.000
5916.594	0.000
5917.594	0.000
5918.594	0.000
5919.594	0.000
5920.594	0.000
5921.594	0.000
5922.594	0.000
5923.594	0.000
5924.594	0.000
5925.594	0.000
5926.594	0.000
5927.594	0.000
5928.594	0.000
5929.594	0.000
5930.594	0.000
5931.594	0.000
5932.594	0.000
5933.594	0.000
5934.594	0.000
5935.594	0.000
5936.594	0.000
5937.594	0.000
5938.594	0.000
5939.594	0.000
5940.594	0.000
5941.594	0.000
5942.594	0.000
5943.594	0.000
5944.594	0.000
5945.594	0.000
5946.594	0.000
5947.594	0.000
5948.594	0.000
5949.594	0.000
5950.594	0.000
5951.594	0.000
5952.594	0.000
5953.594	0.000
5954.594	0.000
5955.594	0.000
5956.594	0.000
5957.594	0.000
5958.594	0.000
5959.594	0.000
5960.594	0.000
5961.594	0.000
5962.594	0.000
5963.594	0.000
5964.594	0.000
5965.594	0.000
5966.594	0.000
5967.594	0.000
5968.594	0.000
5969.594	0.000
5970.594	0.000
5971.594	0.000
5972.594	0.000
5973.594	0.000
5974.594	0.000
5975.594	0.000
5976.594	0.000
5977.594	0.000
5978.594	0.000
5979.594	0.000
5980.594	0.000
5981.594	0.000
5982.594	0.000
5983.594	0.000
5984.594	0.000
5985.594	0.000
5986.594	0.000
5987.594	0.000
5988.594	0.000
5989.594	0.000
5990.594	0.000
5991.594	0.000
5992.594	0.000
5993.594	0.000
5994.594	0.000
5995.594	0.000
5996.594	0.000
5997.594	0.000
5998.594	0.000
5999.594	0.000
6000.594	0.000
6001.594	0.000
6002.594	0.000
